1 25544U 98067A   04365.18695315  .00027017  00000-0  20572-3 0  4762
2 25544  51.6393  45.1005 0003612 145.3955 258.6720 15.72047691349118
1 25544U 98067A   04365.32470661  .00026650  00000-0  20293-3 0  4776
2 25544  51.6398  44.3934 0003766 144.9144 319.2771 15.72053892349132
1 25544U 98067A   04365.45866679  .00025587  00000-0  19500-3 0  4786
2 25544  51.6389  43.7036 0003752 147.3696 355.4708 15.72059698349156
1 25544U 98067A   04365.71354167  .00025472  00000-0  19404-3 0  4808
2 25544  51.6392  42.3976 0003742 147.8100 358.4535 15.72072929349199
1 25544U 98067A   04365.95414053  .00025489  00000-0  19407-3 0  4817
2 25544  51.6397  41.1658 0003720 147.9991 280.8473 15.72085582349236
1 25544U 98067A   04366.01945963  .00025332  00000-0  19288-3 0  4829
2 25544  51.6400  40.8325 0003751 148.3751 290.3898 15.72088056349248
1 25544U 98067A   04366.15048138  .00025401  00000-0  19334-3 0  4832
2 25544  51.6396  40.1619 0003778 149.2199 311.5677 15.72095203349261
1 25544U 98067A   04366.35612269  .00025514  00000-0  19408-3 0  4844
2 25544  51.6399  39.1098 0003735 148.6930  36.7168 15.72106191349295
1 25544U 98067A   04366.47772939  .00025538  00000-0  19421-3 0  4850
2 25544  51.6393  38.4856 0003646 149.8647   4.2555 15.72112706349314
1 25544U 98067A   04308.46441469  .00034014  00000-0  27776-3 0   594
2 25544  51.6366 335.0831 0008526 312.2344 194.4878 15.70207332340190
1 25544U 98067A   04366.82866898  .00025588  00000-0  19443-3 0  4878
2 25544  51.6397  36.6888 0003694 149.9726 191.6749 15.72131038349365
1 25544U 98067A   04366.89593750  .00025585  00000-0  19438-3 0  4881
2 25544  51.6397  36.3444 0003695 150.2034 212.4186 15.72134538349385
1 25544U 98067A   04366.97178262  .00025660  00000-0  19490-3 0  4889
2 25544  51.6395  35.9552 0003614 149.9145 282.2606 15.72139126349398